1,2021-3-31-16:1,2
1,2,2,2,2,8.5
2,2,1,1,1,8.5
17.0,1
2,2021-4-2-10:3,3
1,1,2,2,1,7.0
2,3,1,1,1,8.5
3,1,1,1,1,7.0
22.5,1
4,2021-4-2-10:4,2
1,1,3,2,2,8.0
2,2,3,3,2,9.5
17.5,1
4,2021-4-2-10:43,3
1,2,2,2,1,8.5
2,3,3,3,2,9.5
3,2,2,2,2,8.5
26.5,2
5,2021-4-2-10:43,3
1,1,3,3,2,8.0
2,2,2,2,2,8.5
3,1,1,1,1,7.0
23.5,1
6,2021-4-2-10:44,2
1,2,2,2,2,8.5
2,1,1,1,1,7.0
15.5,1
8,2021-4-2-10:45,4
1,15,5,3,2,9.0
2,14,4,4,1,11.0
3,2,3,3,2,9.5
4,1,1,1,1,7.0
36.5,2
8,2021-4-6-16:38,2
1,1,1,1,1,7.0
2,2,2,2,2,8.5
15.5,1
9,2021-4-6-16:44,2
1,1,2,2,1,7.0
2,2,3,2,1,9.5
16.5,2
10,2021-4-6-17:19,2
1,13,2,3,2,9.0
2,15,2,2,2,10.0
19.0,2