 200510150603 GVxZqbWv5 13366776061 3000 1yWFaVmPKXS6U 0 3
200301170754 0P5RVh 16540777732 3000 dWqMBf8Nrskfl 0 3
200209150507 e1nLsRDM1k 11397094508 3000 7sZmMbFhGoUPQK 0 3
201901131927 3HIeYqhIO 10567212361 3000 4ODaVz75bUvk 1 1 4513,14720,4137,5350,15085,7482
200207170259 GE1XXBct 16935954390 3000 RsfQ7IL6WGtykY 0 1 11788,1675,10781,8977,2636,5261,11727,10453,10234,8184,10495,13893,2159,5567,11531,5897,2198,14659,6206,1423,6251,7857,12236,644,7994
201310151048 yWm4l 10183508408 2000 PRBgrGvrMrlX3C 0 4
201509250026 rs1yHSx 16544574118 5000 I6TORLGg3yo 0 2
202005171131 Edn4H 13030334393 3000 o9Yhcaaq4ugagv 0 1 3573,374,9510,8863,2655,7625,821,8595,3727,14715,14634,7790,13204,3534,10189,3859,8279,5921,5919
201807051900 4lBG4ecGX9 14965822896 3000 zQkKFffw1 0 1 1486,8613,3204,7882,767,4092,2412,15049,10478,11113,13269,9794,3836,11677,15322,14113,6893,9617,4980,2881,1619,13962
200108040518 2byWQtl 17072908255 3000 kg2qKZXF4am 1 3
200810210106 UvIGi0Ocg 17902605094 2000 ruHk5c0eGf 0 4
200704081613 V3xgQzD 13514368269 2000 5E4RVtpM0437b 0 4
200901102318 dt4dW 11836110797 3000 7Hl2EKdZvrv 0 1 13397,13234,14628,3986
201211290030 eGdNo3ahd 12036126279 3000 MnwsF5TMSW 0 3
200504051536 GYR3q3euT 10463845293 3000 qx3MMAv9hyokL 0 1 3600,6186,13146,3266,7858,2726,285,15972,4238,8331,11253,11295,8059,1515,15342,14014,14192,14646,11825
201201141813 XWWE3C 17889518161 3000 q1m8MHAn5i 0 3
200603290719 muPGs3y 14658910415 3000 dGx2FdQCRTd 0 3
200402050605 DlRuI0i 14506472108 2000 8oe4NM0bb 0 4
200507121452 O0gU1E5F 16093067958 3000 oLLQGQuh89Py8 0 3
201407050644 fZrX9KYKF 11518072608 3000 t34ey4RRBe 0 1 8538,451,1880,14705,7611,12758